10 1 16.0 r1.1 17.0      -
10 1 16.0 r1.1 03.0      -
10 1 16.0 r1.1 06.2      -
10 1 16.0 r1.2 04.1 04.2 -
10 1 10.1 r1.1 17.0      -
10 1 10.1 r1.1 03.0      -
10 1 10.1 r1.1 06.2      -
10 1 10.1 r1.2 04.1 04.2 -
10 1 25.0 r1.1 17.0      -
10 1 25.0 r1.1 03.0      -
10 1 25.0 r1.1 06.2      -
10 1 25.0 r1.2 04.1 04.2 -
10 1 09.0 r1.1 17.0      -
10 1 09.0 r1.1 03.0      -
10 1 09.0 r1.1 06.2      -
10 1 09.0 r1.2 04.1 04.2 -
10 1 07.0 r1.2 41.1 45.1 0
10 1 07.0 r1.2 41.1 45.2 0
10 1 07.0 r1.2 40.1 49.1 0
10 1 07.0 r1.2 42.1 45.1 0
10 1 07.0 r1.2 42.1 45.2 0
10 1 07.0 r1.2 42.1 49.1 0
10 1 03.0 r1.2 41.1 45.1 0
10 1 03.0 r1.2 41.1 45.2 0
10 1 03.0 r1.2 40.1 49.1 0
10 1 03.0 r1.2 42.1 45.1 0
10 1 03.0 r1.2 42.1 45.2 0
10 1 03.0 r1.2 42.1 49.1 0
10 1 04.1 r1.2 41.1 45.1 0
10 1 04.1 r1.2 41.1 45.2 0
10 1 04.1 r1.2 40.1 49.1 0
10 1 04.1 r1.2 42.1 45.1 0
10 1 04.1 r1.2 42.1 45.2 0
10 1 04.1 r1.2 42.1 49.1 0
10 1 06.2 r1.2 41.1 45.1 0
10 1 06.2 r1.2 41.1 45.2 0
10 1 06.2 r1.2 40.1 49.1 0
10 1 06.2 r1.2 42.1 45.1 0
10 1 06.2 r1.2 42.1 45.2 0
10 1 06.2 r1.2 42.1 49.1 0
10 1 41.1 r1.2 71.1 32.1 1
10 1 41.1 r1.2 71.1 37.0 1
10 1 41.1 r1.2 71.1 32.2 1
10 1 41.1 r1.2 71.1 67.1 1
10 1 41.1 r1.2 71.1 60.1 1
10 1 41.1 r1.2 71.1 67.2 1
10 1 40.1 r1.2 71.1 32.1 1
10 1 40.1 r1.2 71.1 37.0 1
10 1 40.1 r1.2 71.1 32.2 1
10 1 40.1 r1.2 71.1 67.1 1
10 1 40.1 r1.2 71.1 60.1 1
10 1 40.1 r1.2 71.1 67.2 1
10 1 42.1 r1.2 71.1 32.1 1
10 1 42.1 r1.2 71.1 37.0 1
10 1 42.1 r1.2 71.1 32.2 1
10 1 42.1 r1.2 71.1 67.1 1
10 1 42.1 r1.2 71.1 60.1 1
10 1 42.1 r1.2 71.1 67.2 1
10 1 71.1 r3.0 76.0 43.0 1
10 1 71.1 r3.0 77.0      1
10 1 41.1 r1.2 64.1 32.1 1
10 1 41.1 r1.2 64.1 37.0 1
10 1 41.1 r1.2 64.1 32.2 1
10 1 40.1 r1.2 64.1 32.1 1
10 1 40.1 r1.2 64.1 37.0 1
10 1 40.1 r1.2 64.1 32.2 1
10 1 42.1 r1.2 64.1 32.1 1
10 1 42.1 r1.2 64.1 37.0 1
10 1 42.1 r1.2 64.1 32.2 1
10 1 41.1 r2.2 28.0 32.1 1
10 1 41.1 r2.2 28.0 37.0 1
10 1 41.1 r2.2 28.0 32.2 1
10 1 40.1 r2.2 28.0 32.1 1
10 1 40.1 r2.2 28.0 37.0 1
10 1 40.1 r2.2 28.0 32.2 1
10 1 42.1 r2.2 28.0 32.1 1
10 1 42.1 r2.2 28.0 37.0 1
10 1 42.1 r2.2 28.0 32.2 1
10 1 96.0 r4.0 24.0      1
10 1 71.1 r1.3 63.2 73.0 1
10 1 71.1 r1.3 63.2 75.0 1
10 1 64.1 r1.3 63.2 73.0 1
10 1 64.1 r1.3 63.2 75.0 1
10 1 71.1 r1.1 78.0      1
10 1 64.1 r1.1 78.0      1
10 1 71.1 r1.1 84.0      1
10 1 41.1 r2.2 96.0 96.0 1
10 1 41.1 r2.2 96.0 96.0 1
10 1 41.1 r2.2 96.0 32.1 1
10 1 41.1 r2.2 96.0 32.2 1
10 1 41.1 r2.2 96.0 37.0 1
10 1 40.1 r2.2 96.0 96.0 1
10 1 40.1 r2.2 96.0 96.0 1
10 1 40.1 r2.2 96.0 32.1 1
10 1 40.1 r2.2 96.0 32.2 1
10 1 40.1 r2.2 96.0 37.0 1
10 1 42.1 r2.2 96.0 96.0 1
10 1 42.1 r2.2 96.0 96.0 1
10 1 42.1 r2.2 96.0 32.1 1
10 1 42.1 r2.2 96.0 32.2 1
10 1 42.1 r2.2 96.0 37.0 1
10 1 71.1 r1.2 84.0 96.0 1
10 1 64.1 r1.2 84.0 96.0 1
10 1 63.2 r1.1 96.0      2
10 1 63.2 r1.1 60.1      2
10 1 63.2 r1.1 80.0      2
10 1 63.2 r1.1 79.0      2
10 1 78.0 r1.1 96.0      2
10 1 78.0 r1.1 60.1      2
10 1 78.0 r1.1 80.0      2
10 1 78.0 r1.1 79.0      2
10 1 84.0 r1.1 96.0      2
10 1 84.0 r1.1 60.1      2
10 1 84.0 r1.1 80.0      2
10 1 84.0 r1.1 79.0      2
10 1 96.0 r1.2 13.0 88.1 2
10 1 60.1 r1.2 13.0 88.1 2
10 1 80.0 r1.2 13.0 88.1 2
10 1 79.0 r1.2 13.0 88.1 2
10 1 96.0 r1.2 95.0 88.1 2
10 1 60.1 r1.2 95.0 88.1 2
10 1 80.0 r1.2 95.0 88.1 2
10 1 79.0 r1.2 95.0 88.1 2
10 1 96.0 r1.2 61.1 88.1 2
10 1 60.1 r1.2 61.1 88.1 2
10 1 80.0 r1.2 61.1 88.1 2
10 1 79.0 r1.2 61.1 88.1 2
10 1 88.1 r3.0 89.0      2
10 1 88.1 r3.0 05.1      2
10 1 13.0 r5.0           2
10 1 96.0 r5.0           2
10 1 61.1 r5.0           2
13   09.0 r1.2 40.1 43.0 0
13   09.0 r1.2 40.1 49.1 0
13   09.0 r1.2 40.1 55.5 0
13   09.0 r1.2 40.1 32.1 0
13   09.0 r1.2 40.1 45.3 0
13   09.0 r1.3 40.1 10.1 0
13   09.0 r1.3 40.1 92.0 0
13   09.0 r1.3 40.1 05.0 0
13   09.0 r1.3 41.1 10.1 0
13   09.0 r1.3 41.1 92.0 0
13   09.0 r1.3 41.1 05.0 0
13   09.0 r1.3 42.1 10.1 0
13   09.0 r1.3 42.1 92.0 0
13   09.0 r1.3 42.1 05.0 0
13   09.0 r1.2 41.1 44.0 0
13   09.0 r1.2 41.1 45.1 0
13   09.0 r1.2 42.1 44.0 0
13   09.0 r1.2 42.1 45.1 0
13   07.0 r1.2 40.1 43.0 0
13   07.0 r1.2 40.1 49.1 0
13   07.0 r1.2 40.1 55.5 0
13   07.0 r1.2 40.1 32.1 0
13   07.0 r1.2 40.1 45.3 0
13   07.0 r1.3 40.1 10.1 0
13   07.0 r1.3 40.1 92.0 0
13   07.0 r1.3 40.1 05.0 0
13   07.0 r1.3 41.1 10.1 0
13   07.0 r1.3 41.1 92.0 0
13   07.0 r1.3 41.1 05.0 0
13   07.0 r1.3 42.1 10.1 0
13   07.0 r1.3 42.1 92.0 0
13   07.0 r1.3 42.1 05.0 0
13   07.0 r1.2 41.1 44.0 0
13   07.0 r1.2 41.1 45.1 0
13   07.0 r1.2 42.1 44.0 0
13   07.0 r1.2 42.1 45.1 0
13   16.0 r1.2 40.1 43.0 0
13   16.0 r1.2 40.1 49.1 0
13   16.0 r1.2 40.1 55.5 0
13   16.0 r1.2 40.1 32.1 0
13   16.0 r1.2 40.1 45.3 0
13   16.0 r1.3 40.1 10.1 0
13   16.0 r1.3 40.1 92.0 0
13   16.0 r1.3 40.1 05.0 0
13   16.0 r1.3 41.1 10.1 0
13   16.0 r1.3 41.1 92.0 0
13   16.0 r1.3 41.1 05.0 0
13   16.0 r1.3 42.1 10.1 0
13   16.0 r1.3 42.1 92.0 0
13   16.0 r1.3 42.1 05.0 0
13   16.0 r1.2 41.1 44.0 0
13   16.0 r1.2 41.1 45.1 0
13   16.0 r1.2 42.1 44.0 0
13   16.0 r1.2 42.1 45.1 0
13   01.0 r1.2 40.1 43.0 0
13   01.0 r1.2 40.1 49.1 0
13   01.0 r1.2 40.1 55.5 0
13   01.0 r1.2 40.1 32.1 0
13   01.0 r1.2 40.1 45.3 0
13   01.0 r1.3 40.1 10.1 0
13   01.0 r1.3 40.1 92.0 0
13   01.0 r1.3 40.1 05.0 0
13   01.0 r1.3 41.1 10.1 0
13   01.0 r1.3 41.1 92.0 0
13   01.0 r1.3 41.1 05.0 0
13   01.0 r1.3 42.1 10.1 0
13   01.0 r1.3 42.1 92.0 0
13   01.0 r1.3 42.1 05.0 0
13   01.0 r1.2 41.1 44.0 0
13   01.0 r1.2 41.1 45.1 0
13   01.0 r1.2 42.1 44.0 0
13   01.0 r1.2 42.1 45.1 0
13   26.1 r1.2 40.1 43.0 0
13   26.1 r1.2 40.1 49.1 0
13   26.1 r1.2 40.1 55.5 0
13   26.1 r1.2 40.1 32.1 0
13   26.1 r1.2 40.1 45.3 0
13   26.1 r1.3 40.1 10.1 0
13   26.1 r1.3 40.1 92.0 0
13   26.1 r1.3 40.1 05.0 0
13   26.1 r1.3 41.1 10.1 0
13   26.1 r1.3 41.1 92.0 0
13   26.1 r1.3 41.1 05.0 0
13   26.1 r1.3 42.1 10.1 0
13   26.1 r1.3 42.1 92.0 0
13   26.1 r1.3 42.1 05.0 0
13   26.1 r1.2 41.1 44.0 0
13   26.1 r1.2 41.1 45.1 0
13   26.1 r1.2 42.1 44.0 0
13   26.1 r1.2 42.1 45.1 0
13   41.1 r1.2 72.1 33.0 1
13   41.1 r1.2 72.1 30.0 1
13   41.1 r1.2 60.2 33.0 1
13   41.1 r1.2 60.2 30.0 1
13   42.1 r1.2 72.1 33.0 1
13   42.1 r1.2 72.1 30.0 1
13   42.1 r1.2 60.2 33.0 1
13   42.1 r1.2 60.2 30.0 1
13   40.1 r1.2 72.1 33.0 1
13   40.1 r1.2 72.1 30.0 1
13   40.1 r1.2 60.2 33.0 1
13   40.1 r1.2 60.2 30.0 1
13   41.1 r2.2 57.0 49.0 1
13   41.1 r2.2 57.0 34.0 1
13   41.1 r2.2 57.0 58.0 1
13   42.1 r2.2 57.0 49.0 1
13   42.1 r2.2 57.0 34.0 1
13   42.1 r2.2 57.0 58.0 1
13   40.1 r2.2 57.0 49.0 1
13   40.1 r2.2 57.0 34.0 1
13   40.1 r2.2 57.0 58.0 1
13   57.0 r4.0 24.0      1
13   57.0 r4.0 35.0      1
13   41.1 r1.2 64.1 30.0 1
13   41.1 r1.2 64.1 36.0 1
13   41.1 r1.2 64.1 67.1 1
13   42.1 r1.2 64.1 30.0 1
13   42.1 r1.2 64.1 36.0 1
13   42.1 r1.2 64.1 67.1 1
13   40.1 r1.2 64.1 30.0 1
13   40.1 r1.2 64.1 36.0 1
13   40.1 r1.2 64.1 67.1 1
13   41.1 r2.2 66.0 38.0 1
13   41.1 r2.2 66.0 30.0 1
13   41.1 r2.2 66.0 36.0 1
13   41.1 r2.2 57.0 30.0 1
13   41.1 r2.2 57.0 36.0 1
13   42.1 r2.2 57.0 30.0 1
13   42.1 r2.2 57.0 36.0 1
13   40.1 r2.2 57.0 30.0 1
13   40.1 r2.2 57.0 36.0 1
13   42.1 r2.2 66.0 30.0 1
13   42.1 r2.2 66.0 36.0 1
13   42.1 r2.2 66.0 38.0 1
13   40.1 r2.2 66.0 30.0 1
13   40.1 r2.2 66.0 36.0 1
13   41.1 r2.2 96.0 30.0 1
13   41.1 r2.2 96.0 36.0 1
13   42.1 r2.2 96.0 30.0 1
13   42.1 r2.2 96.0 36.0 1
13   40.1 r2.2 96.0 30.0 1
13   40.1 r2.2 96.0 36.0 1
13   96.0 r4.0 24.0      1
13   66.0 r4.0 24.0      1
13   64.1 r1.3 62.1 73.0 1
13   64.1 r1.3 62.1 75.0 1
13   64.1 r1.3 62.1 96.0 1
13   72.1 r1.3 62.1 73.0 1
13   72.1 r1.3 62.1 75.0 1
13   72.1 r1.3 62.1 96.0 1
13   60.2 r1.3 62.1 73.0 1
13   60.2 r1.3 62.1 75.0 1
13   60.2 r1.3 62.1 96.0 1
13   64.1 r1.1 63.1      1
13   72.1 r1.1 63.1      1
13   60.2 r1.1 63.1      1
13   64.1 r1.1 88.1      1
13   72.1 r1.1 88.1      1
13   60.2 r1.1 88.1      1
13   88.1 r3.0 89.0      1
13   64.1 r1.1 61.2      1
13   72.1 r1.1 61.2      1
13   60.2 r1.1 61.2      1
13   64.1 r2.2 14.0 45.1 1
13   64.1 r2.2 14.0 05.1 1
13   72.1 r2.2 14.0 45.1 1
13   72.1 r2.2 14.0 05.1 1
13   60.2 r2.2 14.0 45.1 1
13   60.2 r2.2 14.0 05.1 1
13   63.2 r1.1 63.1      2
13   88.1 r1.1 63.1      2
13   61.2 r1.1 63.1      2
13   63.1 r1.1 61.1      2
13   61.1 r5.0           2
19 0 11.0 r1.1 16.0      -
19 0 11.0 r1.1 04.1      -
19 0 11.0 r1.1 06.2      -
19 0 06.2 r1.1 16.0      -
19 0 06.2 r1.1 04.1      -
19 0 23.0 r1.1 16.0      -
19 0 23.0 r1.1 04.1      -
19 0 23.0 r1.1 06.2      -
19 0 16.0 r1.2 41.2 27.0 0
19 0 16.0 r1.2 41.2 91.0 0
19 0 16.0 r1.2 41.2 46.0 0
19 0 16.0 r1.2 41.2 48.0 0
19 0 16.0 r1.3 41.2 10.1 0
19 0 04.1 r1.2 41.2 27.0 0
19 0 04.1 r1.2 41.2 91.0 0
19 0 04.1 r1.2 41.2 46.0 0
19 0 04.1 r1.2 41.2 48.0 0
19 0 04.1 r1.3 41.2 10.1 0
19 0 06.2 r1.2 41.2 27.0 0
19 0 06.2 r1.2 41.2 91.0 0
19 0 06.2 r1.2 41.2 46.0 0
19 0 06.2 r1.2 41.2 48.0 0
19 0 06.2 r1.3 41.2 10.1 0
19 0 16.0 r1.2 40.2 27.0 0
19 0 16.0 r1.2 40.2 91.0 0
19 0 16.0 r1.2 40.2 46.0 0
19 0 16.0 r1.2 40.2 48.0 0
19 0 16.0 r1.3 40.2 10.1 0
19 0 04.1 r1.2 40.2 27.0 0
19 0 04.1 r1.2 40.2 91.0 0
19 0 04.1 r1.2 40.2 46.0 0
19 0 04.1 r1.2 40.2 48.0 0
19 0 04.1 r1.3 40.2 10.1 0
19 0 06.2 r1.2 40.2 27.0 0
19 0 06.2 r1.2 40.2 91.0 0
19 0 06.2 r1.2 40.2 46.0 0
19 0 06.2 r1.2 40.2 48.0 0
19 0 06.2 r1.3 40.2 10.1 0
19 0 16.0 r1.2 40.2 55.0 0
19 0 16.0 r1.2 40.2 32.1 0
19 0 04.1 r1.2 40.2 55.0 0
19 0 04.1 r1.2 40.2 32.1 0
19 0 06.2 r1.2 40.2 55.0 0
19 0 06.2 r1.2 40.2 32.1 0
19 0 16.0 r1.2 05.1 27.0 0
19 0 16.0 r1.2 05.1 91.0 0
19 0 16.0 r1.2 05.1 46.0 0
19 0 16.0 r1.2 05.1 48.0 0
19 0 16.0 r1.3 05.1 10.1 0
19 0 04.1 r1.2 05.1 27.0 0
19 0 04.1 r1.2 05.1 91.0 0
19 0 04.1 r1.2 05.1 46.0 0
19 0 04.1 r1.2 05.1 48.0 0
19 0 04.1 r1.3 05.1 10.1 0
19 0 06.2 r1.2 05.1 27.0 0
19 0 06.2 r1.2 05.1 91.0 0
19 0 06.2 r1.2 05.1 46.0 0
19 0 06.2 r1.2 05.1 48.0 0
19 0 06.2 r1.3 05.1 10.1 0
19 0 16.0 r1.2 05.1 45.2 0
19 0 16.0 r1.2 05.1 96.0 0
19 0 04.1 r1.2 05.1 45.2 0
19 0 04.1 r1.2 05.1 96.0 0
19 0 06.2 r1.2 05.1 45.2 0
19 0 06.2 r1.2 05.1 96.0 0
19 0 41.2 r1.1 82.0      1
19 0 41.2 r1.1 37.0      1
19 0 41.2 r1.1 20.0      1
19 0 41.2 r1.1 33.0      1
19 0 41.2 r1.2 60.1 33.0 1
19 0 41.2 r2.1 96.0      1
19 0 40.2 r1.1 82.0      1
19 0 40.2 r1.1 37.0      1
19 0 40.2 r1.1 20.0      1
19 0 40.2 r1.1 33.0      1
19 0 40.2 r1.2 60.1 33.0 1
19 0 40.2 r2.1 96.0      1
19 0 05.1 r1.1 82.0      1
19 0 05.1 r1.1 37.0      1
19 0 05.1 r1.1 20.0      1
19 0 05.1 r1.1 33.0      1
19 0 05.1 r1.2 60.1 33.0 1
19 0 05.1 r2.1 96.0      1
19 0 41.2 r2.2 15.0 96.0 1
19 0 41.2 r2.2 66.0 96.0 1
19 0 41.2 r2.2 66.0 70.0 1
19 0 41.2 r2.2 96.0 38.0 1
19 0 40.2 r2.2 15.0 96.0 1
19 0 40.2 r2.2 66.0 96.0 1
19 0 40.2 r2.2 66.0 70.0 1
19 0 40.2 r2.2 96.0 38.0 1
19 0 05.1 r2.2 15.0 96.0 1
19 0 05.1 r2.2 66.0 96.0 1
19 0 05.1 r2.2 66.0 70.0 1
19 0 05.1 r2.2 96.0 38.0 1
19 0 96.0 r4.0 24.0      1
19 0 15.0 r4.0 24.0      1
19 0 66.0 r4.0 24.0      1
19 0 82.0 r1.2 64.2 95.0 1
19 0 82.0 r1.2 64.2 37.0 1
19 0 82.0 r1.3 72.1 76.0 1
19 0 82.0 r1.3 72.1 73.0 1
19 0 82.0 r1.2 59.0 49.2 1
19 0 82.0 r1.2 59.0 33.0 1
19 0 82.0 r1.2 72.1 95.0 1
19 0 82.0 r1.2 72.1 37.0 1
19 0 82.0 r1.2 59.0 95.0 1
19 0 82.0 r1.2 59.0 37.0 1
19 0 82.0 r1.2 80.0 95.0 1
19 0 82.0 r1.2 80.0 37.0 1
19 0 82.0 r1.2 72.2 95.0 1
19 0 82.0 r1.2 72.2 37.0 1
19 0 37.0 r1.2 64.2 95.0 1
19 0 37.0 r1.3 72.1 76.0 1
19 0 37.0 r1.3 72.1 73.0 1
19 0 37.0 r1.2 59.0 49.2 1
19 0 37.0 r1.2 59.0 33.0 1
19 0 37.0 r1.2 72.1 95.0 1
19 0 37.0 r1.2 59.0 95.0 1
19 0 37.0 r1.2 80.0 95.0 1
19 0 37.0 r1.2 80.0 37.0 1
19 0 37.0 r1.2 72.2 95.0 1
19 0 20.0 r1.2 64.2 95.0 1
19 0 20.0 r1.2 64.2 37.0 1
19 0 20.0 r1.3 72.1 76.0 1
19 0 20.0 r1.3 72.1 73.0 1
19 0 20.0 r1.2 59.0 49.2 1
19 0 20.0 r1.2 59.0 33.0 1
19 0 20.0 r1.2 72.1 95.0 1
19 0 20.0 r1.2 72.1 37.0 1
19 0 20.0 r1.2 59.0 95.0 1
19 0 20.0 r1.2 59.0 37.0 1
19 0 20.0 r1.2 80.0 95.0 1
19 0 20.0 r1.2 80.0 37.0 1
19 0 20.0 r1.2 72.2 95.0 1
19 0 20.0 r1.2 72.2 37.0 1
19 0 33.0 r1.2 64.2 95.0 1
19 0 33.0 r1.2 64.2 37.0 1
19 0 33.0 r1.3 72.1 76.0 1
19 0 33.0 r1.3 72.1 73.0 1
19 0 33.0 r1.2 59.0 49.2 1
19 0 33.0 r1.2 59.0 33.0 1
19 0 33.0 r1.2 72.1 95.0 1
19 0 33.0 r1.2 72.1 37.0 1
19 0 33.0 r1.2 59.0 95.0 1
19 0 33.0 r1.2 59.0 37.0 1
19 0 33.0 r1.2 80.0 95.0 1
19 0 33.0 r1.2 80.0 37.0 1
19 0 33.0 r1.2 72.2 95.0 1
19 0 33.0 r1.2 72.2 37.0 1
19 0 60.1 r1.2 64.2 95.0 1
19 0 60.1 r1.2 64.2 37.0 1
19 0 60.1 r1.3 72.1 76.0 1
19 0 60.1 r1.3 72.1 73.0 1
19 0 60.1 r1.2 59.0 49.2 1
19 0 60.1 r1.2 59.0 33.0 1
19 0 60.1 r1.2 72.1 95.0 1
19 0 60.1 r1.2 72.1 37.0 1
19 0 60.1 r1.2 59.0 95.0 1
19 0 60.1 r1.2 59.0 37.0 1
19 0 60.1 r1.2 80.0 95.0 1
19 0 60.1 r1.2 80.0 37.0 1
19 0 60.1 r1.2 72.2 95.0 1
19 0 60.1 r1.2 72.2 37.0 1
19 0 64.2 r1.2 61.1 59.0 2
19 0 64.2 r1.1 61.2      2
19 0 64.2 r1.1 62.0      2
19 0 64.2 r1.1 86.1      2
19 0 64.2 r1.1 63.1      2
19 0 64.2 r1.1 13.1      2
19 0 64.2 r1.1 08.0      2
19 0 72.1 r1.2 61.1 59.0 2
19 0 72.1 r1.1 61.2      2
19 0 72.1 r1.1 62.0      2
19 0 72.1 r1.1 86.1      2
19 0 72.1 r1.1 63.1      2
19 0 72.1 r1.1 13.1      2
19 0 72.1 r1.1 08.0      2
19 0 59.0 r1.2 61.1 59.0 2
19 0 59.0 r1.1 61.2      2
19 0 59.0 r1.1 62.0      2
19 0 59.0 r1.1 86.1      2
19 0 59.0 r1.1 63.1      2
19 0 59.0 r1.1 13.1      2
19 0 59.0 r1.1 08.0      2
19 0 80.0 r1.2 61.1 59.0 2
19 0 80.0 r1.1 61.2      2
19 0 80.0 r1.1 62.0      2
19 0 80.0 r1.1 86.1      2
19 0 80.0 r1.1 63.1      2
19 0 80.0 r1.1 13.1      2
19 0 80.0 r1.1 08.0      2
19 0 72.2 r1.2 61.1 59.0 2
19 0 72.2 r1.1 61.2      2
19 0 72.2 r1.1 62.0      2
19 0 72.2 r1.1 86.1      2
19 0 72.2 r1.1 63.1      2
19 0 72.2 r1.1 13.1      2
19 0 72.2 r1.1 08.0      2
19 0 61.1 r1.1 94.0      2
19 0 61.1 r1.1 85.0      2
19 0 61.1 r1.1 86.2      2
19 0 61.1 r1.1 88.2      2
19 0 88.2 r3.0 94.0      2
19 0 61.2 r1.1 94.0      2
19 0 61.2 r1.1 85.0      2
19 0 61.2 r1.1 61.1      2
19 0 61.2 r1.1 86.2      2
19 0 61.2 r1.1 96.0      2
19 0 61.2 r1.1 88.2      2
19 0 62.0 r1.1 94.0      2
19 0 62.0 r1.1 85.0      2
19 0 62.0 r1.1 61.1      2
19 0 62.0 r1.1 86.2      2
19 0 62.0 r1.1 88.2      2
19 0 86.1 r1.1 94.0      2
19 0 86.1 r1.1 85.0      2
19 0 86.1 r1.1 61.1      2
19 0 86.1 r1.1 86.2      2
19 0 86.1 r1.1 88.2      2
19 0 63.1 r1.1 94.0      2
19 0 63.1 r1.1 85.0      2
19 0 63.1 r1.1 61.1      2
19 0 63.1 r1.1 86.2      2
19 0 63.1 r1.1 88.2      2
19 0 13.1 r1.1 94.0      2
19 0 13.1 r1.1 85.0      2
19 0 13.1 r1.1 61.1      2
19 0 13.1 r1.1 86.2      2
19 0 13.1 r1.1 88.2      2
19 0 08.0 r1.1 94.0      2
19 0 08.0 r1.1 85.0      2
19 0 08.0 r1.1 61.1      2
19 0 08.0 r1.1 86.2      2
19 0 08.0 r1.1 88.2      2
17 1      r1.2 40.2 45.3 0
17 1      r1.2 40.2 48.0 0
17 1      r1.2 40.2 49.1 0
17 1      r1.2 40.2 63.2 0
17 1      r1.2 41.1 45.1 0
17 1      r1.2 41.1 46.0 0
17 1 40.2 r1.2 20.0 54.1 1
17 1 40.2 r1.2 20.0 37.0 1
17 1 40.2 r1.2 20.0 30.0 1
17 1 40.2 r1.2 20.0 29.0 1
17 1 40.2 r1.2 20.0 06.2 1
17 1 40.2 r1.2 20.0 35.0 1
17 1 40.2 r1.2 20.0 27.0 1
17 1 40.2 r1.2 20.0 16.0 1
17 1 40.2 r1.2 20.0 18.2 1
17 1 40.2 r1.2 20.0 01.0 1
17 1 40.2 r1.3 20.0 49.2 1
17 1 40.2 r1.2 20.0 33.0 1
17 1 41.1 r1.2 20.0 54.1 1
17 1 41.1 r1.2 20.0 37.0 1
17 1 41.1 r1.2 20.0 30.0 1
17 1 41.1 r1.2 20.0 29.0 1
17 1 41.1 r1.2 20.0 06.2 1
17 1 41.1 r1.2 20.0 30.0 1
17 1 41.1 r1.2 20.0 35.0 1
17 1 41.1 r1.2 20.0 27.0 1
17 1 41.1 r1.2 20.0 16.0 1
17 1 41.1 r1.2 20.0 18.2 1
17 1 41.1 r1.2 20.0 01.0 1
17 1 41.1 r1.3 20.0 49.2 1
17 1 41.1 r1.2 20.0 33.0 1
17 1 20.0 r3.0 77.0      1
17 1 40.2 r1.2 64.1 37.0 1
17 1 40.2 r1.2 64.1 30.0 1
17 1 40.2 r1.2 64.1 29.0 1
17 1 40.2 r1.2 64.1 06.2 1
17 1 40.2 r1.2 64.1 35.0 1
17 1 40.2 r1.2 64.1 27.0 1
17 1 40.2 r1.2 64.1 16.0 1
17 1 40.2 r1.2 64.1 18.2 1
17 1 40.2 r1.2 64.1 01.0 1
17 1 41.1 r1.2 64.1 37.0 1
17 1 41.1 r1.2 64.1 30.0 1
17 1 41.1 r1.2 64.1 29.0 1
17 1 41.1 r1.2 64.1 06.2 1
17 1 41.1 r1.2 64.1 35.0 1
17 1 41.1 r1.2 64.1 27.0 1
17 1 41.1 r1.2 64.1 16.0 1
17 1 41.1 r1.2 64.1 18.2 1
17 1 41.1 r1.2 64.1 01.0 1
17 1 40.2 r1.2 64.1 69.1 1
17 1 40.2 r1.2 64.1 36.0 1
17 1 41.1 r1.2 64.1 69.1 1
17 1 41.1 r1.2 64.1 36.0 1
17 1 40.2 r2.2 71.0 33.0 1
17 1 41.1 r2.2 71.1 33.0 1
17 1 40.2 r2.2 14.0 45.1 1
17 1 40.2 r2.2 04.1 45.1 1
17 1 41.1 r2.2 14.0 45.1 1
17 1 41.1 r2.2 04.1 45.1 1
17 1 71.1 r4.0 24.0      1
17 1 40.2 r1.2 72.1 54.1 1
17 1 40.2 r1.2 72.1 37.0 1
17 1 40.2 r1.2 72.1 30.0 1
17 1 40.2 r1.2 72.1 29.0 1
17 1 40.2 r1.2 72.1 06.2 1
17 1 40.2 r1.2 72.1 35.0 1
17 1 40.2 r1.2 72.1 27.0 1
17 1 40.2 r1.2 72.1 16.0 1
17 1 40.2 r1.2 72.1 18.2 1
17 1 40.2 r1.2 72.1 01.0 1
17 1 40.2 r1.3 72.1 49.2 1
17 1 40.2 r1.2 72.1 33.0 1
17 1 41.1 r1.2 72.1 54.1 1
17 1 41.1 r1.2 72.1 37.0 1
17 1 41.1 r1.2 72.1 30.0 1
17 1 41.1 r1.2 72.1 29.0 1
17 1 41.1 r1.2 72.1 06.2 1
17 1 41.1 r1.2 72.1 35.0 1
17 1 41.1 r1.2 72.1 27.0 1
17 1 41.1 r1.2 72.1 16.0 1
17 1 41.1 r1.2 72.1 18.2 1
17 1 41.1 r1.2 72.1 01.0 1
17 1 41.1 r1.3 72.1 49.2 1
17 1 41.1 r1.2 72.1 33.0 1
17 1 72.1 r3.0 77.0      1
17 1 20.0 r1.1 63.1      2
17 1 20.0 r1.1 13.2      2
17 1 20.0 r1.1 72.2      2
17 1 20.0 r1.1 60.2      2
17 1 72.1 r1.1 63.1      2
17 1 72.1 r1.1 13.2      2
17 1 72.1 r1.1 72.2      2
17 1 72.1 r1.1 60.2      2
17 1 64.1 r1.1 63.1      2
17 1 64.1 r1.1 13.2      2
17 1 64.1 r1.1 72.2      2
17 1 64.1 r1.1 60.2      2
17 1 63.1 r3.0 75.0      2
17 1 63.1 r1.1 80.0      2
17 1 63.1 r1.1 78.0      2
17 1 63.0 r1.1 81.0      2
17 1 63.0 r1.1 88.1      2
17 1 13.2 r1.1 80.0      2
17 1 13.2 r1.1 78.0      2
17 1 13.2 r1.1 81.0      2
17 1 13.2 r1.1 88.1      2
17 1 72.2 r1.1 80.0      2
17 1 72.2 r1.1 78.0      2
17 1 72.2 r1.1 81.0      2
17 1 72.2 r1.1 88.1      2
17 1 60.2 r1.1 80.0      2
17 1 60.2 r1.1 78.0      2
17 1 60.2 r1.1 81.0      2
17 1 60.2 r1.1 88.1      2
17 1 88.1 r3.0 89.0      2
17 1 80.0 r5.0           2
17 1 78.0 r5.0           2
17 1 81.1 r5.0           2
17 1 88.1 r5.0           2
55 1 18.2 r1.2 42.1 10.1 0
55 1 18.2 r1.2 42.1 18.2 0
55 1 18.2 r1.2 42.1 26.0 0
55 1 18.2 r1.2 42.1 18.1 0
55 1 18.2 r1.2 42.1 25.0 0
55 1 18.2 r1.2 42.1 56.0 0
55 1 18.2 r1.2 40.1 10.1 0
55 1 18.2 r1.2 40.1 18.2 0
55 1 18.2 r1.2 40.1 26.0 0
55 1 18.2 r1.2 40.1 18.1 0
55 1 18.2 r1.2 40.1 25.0 0
55 1 18.2 r1.2 40.1 49.1 0
55 1 18.2 r1.2 40.1 45.1 0
55 1 18.2 r1.2 40.1 49.2 0
55 1 18.2 r1.2 40.1 55.0 0
55 1 18.2 r1.2 40.1 47.0 0
55 1 18.2 r1.2 40.1 46.0 0
55 1 04.2 r1.2 42.1 10.1 0
55 1 04.2 r1.2 42.1 18.2 0
55 1 04.2 r1.2 42.1 26.0 0
55 1 04.2 r1.2 42.1 18.1 0
55 1 04.2 r1.2 42.1 25.0 0
55 1 04.2 r1.2 42.1 56.0 0
55 1 04.2 r1.2 40.1 10.1 0
55 1 04.2 r1.2 40.1 18.2 0
55 1 04.2 r1.2 40.1 26.0 0
55 1 04.2 r1.2 40.1 18.1 0
55 1 04.2 r1.2 40.1 25.0 0
55 1 04.2 r1.2 40.1 49.1 0
55 1 04.2 r1.2 40.1 45.1 0
55 1 04.2 r1.2 40.1 49.2 0
55 1 04.2 r1.2 40.1 55.0 0
55 1 04.2 r1.2 40.1 47.0 0
55 1 04.2 r1.2 40.1 46.0 0
55 1 01.0 r1.2 42.1 10.1 0
55 1 01.0 r1.2 42.1 18.2 0
55 1 01.0 r1.2 42.1 26.0 0
55 1 01.0 r1.2 42.1 18.1 0
55 1 01.0 r1.2 42.1 25.0 0
55 1 01.0 r1.2 42.1 56.0 0
55 1 01.0 r1.2 40.1 10.1 0
55 1 01.0 r1.2 40.1 18.2 0
55 1 01.0 r1.2 40.1 26.0 0
55 1 01.0 r1.2 40.1 18.1 0
55 1 01.0 r1.2 40.1 25.0 0
55 1 01.0 r1.2 40.1 49.1 0
55 1 01.0 r1.2 40.1 45.1 0
55 1 01.0 r1.2 40.1 49.2 0
55 1 01.0 r1.2 40.1 55.0 0
55 1 01.0 r1.2 40.1 47.0 0
55 1 01.0 r1.2 40.1 46.0 0
55 1 88.1 r1.2 42.1 10.1 0
55 1 88.1 r1.2 42.1 18.2 0
55 1 88.1 r1.2 42.1 26.0 0
55 1 88.1 r1.2 42.1 18.1 0
55 1 88.1 r1.2 42.1 25.0 0
55 1 88.1 r1.2 42.1 56.0 0
55 1 88.1 r1.2 40.1 10.1 0
55 1 88.1 r1.2 40.1 18.2 0
55 1 88.1 r1.2 40.1 26.0 0
55 1 88.1 r1.2 40.1 18.1 0
55 1 88.1 r1.2 40.1 25.0 0
55 1 88.1 r1.2 40.1 49.1 0
55 1 88.1 r1.2 40.1 45.1 0
55 1 88.1 r1.2 40.1 49.2 0
55 1 88.1 r1.2 40.1 55.0 0
55 1 88.1 r1.2 40.1 47.0 0
55 1 88.1 r1.2 40.1 46.0 0
55 1 40.1 r1.1 30.0      1
55 1 40.1 r1.2 45.1 04.1 1
55 1 40.1 r1.2 63.2 49.1 1
55 1 40.1 r1.2 84.0 45.1 1
55 1 40.1 r1.1 33.0      1
55 1 40.1 r1.1 39.0      1
55 1 40.1 r1.2 33.0 54.1 1
55 1 40.1 r1.2 33.0 63.2 1
55 1 40.1 r1.2 29.0 54.2 1
55 1 40.1 r1.2 24.0 52.0 1
55 1 40.1 r2.1 14.0      1
55 1 40.1 r2.2 83.0 54.1 1
55 1 40.1 r2.2 66.0 54.1 1
55 1 30.0 r1.1 63.1      1
55 1 30.0 r1.1 72.2      1
55 1 45.1 r1.1 63.1      1
55 1 45.1 r1.1 72.2      1
55 1 63.2 r1.1 63.1      1
55 1 63.2 r1.1 72.2      1
55 1 84.0 r1.1 63.1      1
55 1 84.0 r1.1 72.2      1
55 1 33.0 r1.1 63.1      1
55 1 33.0 r1.1 72.2      1
55 1 39.0 r1.1 63.1      1
55 1 39.0 r1.1 72.2      1
55 1 24.0 r1.1 63.1      1
55 1 24.0 r1.1 72.2      1
55 1 29.0 r1.1 63.1      1
55 1 29.9 r1.1 72.2      1
55 1 63.1 r1.1 87.0      2
55 1 63.1 r1.1 74.0      2
55 1 63.1 r1.3 72.1 76.0 2
55 1 63.1 r1.3 72.1 73.0 2
55 1 72.2 r1.1 87.0      2
55 1 72.2 r1.1 74.0      2
55 1 72.2 r1.3 72.1 76.0 2
55 1 72.2 r1.3 72.1 73.0 2
55 1 87.0 r1.1 61.2      2
55 1 87.0 r1.1 72.2      2
55 1 74.0 r1.1 61.2      2
55 1 74.0 r1.1 72.2      2
55 1 72.1 r1.1 61.2      2
55 1 72.1 r1.1 72.2      2
55 1 61.2 r1.1 81.0      2
55 1 61.2 r1.1 85.0      2
55 1 72.2 r1.1 81.0      2
55 1 72.2 r1.1 85.0      2
55 1 81.0 r1.1 85.0      2
55 1 85.0 r5.0           2
